# Script-kunzbingo-s-time-trial

--- Midnight Hub Maky By ZemaxTz ---


-----Enjoy


local Library = loadstring(game:HttpGet("https://raw.githubusercontent.com/xHeptc/Kavo-UI-Library/main/source.lua"))()
local Window = Library.CreateLib("Midnight Hub kunzbingo's time trial", "Midnight")

local Tab = Window:NewTab("Player")
local Section = Tab:NewSection("Player")
Section:NewSlider("WalkSpeed", "--- Midnight Hub Maky By ZemaxTz ---", 500, 0, function(s)
    game.Players.LocalPlayer.Character.Humanoid.WalkSpeed = s
end)
Section:NewSlider("JumpPower", "--- Midnight Hub Maky By ZemaxTz ---", 500, 0, function(s)
    game.Players.LocalPlayer.Character.Humanoid.JumpPower = s
end)
Section:NewButton("Reset", "--- Midnight Hub Maky By ZemaxTz ---", function()
game.Players.LocalPlayer.Character.HumanoidRootPart.CFrame = CFrame.new(-131.292145, 30.7317009, -114.324799, -0.999390781, 0.000517772278, 0.0348968953, -8.3150864e-09, 0.99988997, -0.0148358066, -0.0349007361, -0.014826769, -0.99928081)
end)

local Tab = Window:NewTab("TP")
local Section = Tab:NewSection("Warp Win")
Section:NewButton("Warp 1", "--- Midnight Hub Maky By ZemaxTz ---", function()
    game.Players.LocalPlayer.Character.HumanoidRootPart.CFrame = CFrame.new(-117.25528, 37.0200043, -117.442863, 0.0174499527, -4.13659187e-08, 0.99984771, -4.31901519e-08, 1, 4.21260005e-08, -0.99984771, -4.39186714e-08, 0.0174499527)
end)

Section:NewButton("Warp 2", "--- Midnight Hub Maky By ZemaxTz ---", function()
    game.Players.LocalPlayer.Character.HumanoidRootPart.CFrame = CFrame.new(-104.690125, 16.5140858, 78.4154358, 0.0181368999, 0.00572951883, 0.99981916, -4.22050198e-06, 0.999983609, -0.0057303845, -0.999835551, 9.97060852e-05, 0.0181366261)
end)

Section:NewButton("Tower Easy", "--- Midnight Hub Maky By ZemaxTz ---", function()
    game.Players.LocalPlayer.Character.HumanoidRootPart.CFrame = CFrame.new(-411.466736, 191.410553, 334.354401, 0.983756304, 0.00122450863, 0.179504678, -1.08088107e-05, 0.999977112, -0.00676220423, -0.17950888, 0.00665042084, 0.983733833)
end)

local Section = Tab:NewSection("Warp to start")
Section:NewButton("Warp 1", "--- Midnight Hub Maky By ZemaxTz ---", function()
    game.Players.LocalPlayer.Character.HumanoidRootPart.CFrame = CFrame.new(-4.89043188, 5.48503542, -12.6259899, 0.999199629, 0.000205201664, -0.0400012508, -1.73078952e-05, 0.999988973, 0.00469756639, 0.0400017723, -0.00469311466, 0.999188602)
end)
Section:NewButton("Warp 2", "--- Midnight Hub Maky By ZemaxTz ---", function()
    game.Players.LocalPlayer.Character.HumanoidRootPart.CFrame = CFrame.new(-83.1153336, -4.57764101, 64.4654465, -0.999251068, 0.000148673993, -0.038694296, -1.60452892e-05, 0.99999094, 0.0042564841, 0.0386945792, 0.00425391691, -0.999242008)
end)

local Section = Tab:NewSection("Warp to Tower")
Section:NewButton("lobby", "--- Midnight Hub Maky By ZemaxTz ---", function()
    game.Players.LocalPlayer.Character.HumanoidRootPart.CFrame = CFrame.new(-497.200836, 5.49363422, 141.032471, -0.999968171, -4.0708539e-05, -0.00795680378, -4.2738111e-06, 0.99998951, -0.00457964325, 0.00795690715, -0.00457946397, -0.999957681)
end)


Section:NewButton("Easy", "--- Midnight Hub Maky By ZemaxTz ---", function()
    game.Players.LocalPlayer.Character.HumanoidRootPart.CFrame = CFrame.new(-326.891937, 17.7235088, 261.392944, -0.999964714, -6.66926235e-06, 0.00840140693, -4.91431024e-07, 0.999999702, 0.000736620219, -0.00840140972, 0.000736590184, -0.999964416)
end)
local Tab = Window:NewTab("Support")
local Section = Tab:NewSection("---    Midnight Hub    ---")
local Section = Tab:NewSection("Discord----https://discord.gg/3GfBgFem37")
local Section = Tab:NewSection("Youtube----https://www.youtube.com/channel/UCWUtQZeXMYN5V6I1_o0XNUg")
